I_constant = 4;
Em0 = 14.341;
SOC_intial = 0.8;
Rb = 0.007122;
K = 0.11694;

